back neck hip face stom knee head
back 1 0.275771885354347 0.263968217387533 0.056700919115388 0.135172824472459 0.19901491511357 0.128123898672379
neck 0.275771885354347 1 0.189003346110903 0.0909465892458079 0.139961541277892 0.183327717102409 0.183649525505018
hip 0.263968217387533 0.189003346110903 1 0.0481526527898468 0.0826921142584515 0.237064894082596 0.0697814906553273
face 0.056700919115388 0.0909465892458079 0.0481526527898468 1 0.0799004548308249 0.0383181733310844 0.141061937692366
stom 0.135172824472459 0.139961541277892 0.0826921142584515 0.0799004548308249 1 0.0818912708471036 0.14466543311165
knee 0.19901491511357 0.183327717102409 0.237064894082596 0.0383181733310844 0.0818912708471036 1 0.0658323810471541
head 0.128123898672379 0.183649525505018 0.0697814906553273 0.141061937692366 0.14466543311165 0.0658323810471541 1
